
test y:  [
series １
	future 0
[[ 4.  0.  0. 31.  1.  6.  2.  0. 12.  2.  3.  0. 19.  2.  0.  6.  1.                                                                                                                                
   78.  6.  1.]  
series 2
	future 0                                                                                                                                                                                           
  [ 2.  0.  0. 31.  0.  6.  1.  1. 12.  9.  9.  0. 13.  0.  0.  1.  0.                                                                                                                                         
   36. 14.  1.] 
series 3
	future 0                                                                                                                                                                                               
  [ 2.  1.  1. 34.  0.  1.  4.  1.  9. 10.  7.  2. 15.  1.  0.  4.  0.                                                                                                                                         
   42.  6.  0.]]                                                                                                                                                                                               
series 1
	future 1                                                                                                                                                                                                            
 [[ 3.  0.  0. 31.  1.  7.  3.  0. 17.  3.  2.  0. 15.  2.  0.  9.  2.                                                                                                                                         
   87.  5.  0.]  
series 2
	future 1                                                                                                                                                                                              
  [ 2.  0.  0. 34.  0.  4.  1.  1. 15.  6.  8.  1. 17.  0.  0.  1.  0.                                                                                                                                         
   51.  9.  1.]   
series 3
	future 1                                                                                                                                                                                           
  [ 1.  1.  1. 28.  0.  1.  4.  1.  9.  7.  7.  1. 18.  1.  0.  2.  0.                                                                                                                                         
   47. 13.  0.]]]   

test y in last test batch:  
torch.Size([11, 32, 20]) 

tensor([
series １
	future 0
[[ 4.,  0.,  0., 31.,  1.,  6.,  2.,  0., 12.,  2.,  3.,  0., 19.,  2.,
           0.,  6.,  1., 78.,  6.,  1.],
	future 1
         [ 3.,  0.,  0., 31.,  1.,  7.,  3.,  0., 17.,  3.,  2.,  0., 15.,  2.,
           0.,  9.,  2., 87.,  5.,  0.]],
series 2
	future 0
        [[ 2.,  0.,  0., 31.,  0.,  6.,  1.,  1., 12.,  9.,  9.,  0., 13.,  0.,
           0.,  1.,  0., 36., 14.,  1.],
	future 1
         [ 2.,  0.,  0., 34.,  0.,  4.,  1.,  1., 15.,  6.,  8.,  1., 17.,  0.,
           0.,  1.,  0., 51.,  9.,  1.]],
series 3
	future 0
        [[ 2.,  1.,  1., 34.,  0.,  1.,  4.,  1.,  9., 10.,  7.,  2., 15.,  1.,
           0.,  4.,  0., 42.,  6.,  0.],
	future 1
         [ 1.,  1.,  1., 28.,  0.,  1.,  4.,  1.,  9.,  7.,  7.,  1., 18.,  1.,
           0.,  2.,  0., 47., 13.,  0.]]])